mouse=game.Players.LocalPlayer:GetMouse()local a=game.Players.LocalPlayer.Character.Torso["Right Shoulder"]:Clone()game.Players.LocalPlayer.Character.Torso["Right Shoulder"]:Remove()local b=Instance.new("Weld",game.Players.LocalPlayer.Character.Torso)b.Part0=game.Players.LocalPlayer.Character.Torso;b.Part1=game.Players.LocalPlayer.Character["Right Arm"]b.C0=CFrame.new(1.5,0,0,1,-1.6395192e-43,0,-1.6395192e-43,1,0,0,0,1)local c=game.Players.LocalPlayer.Character.Torso["Left Shoulder"]:Clone()game.Players.LocalPlayer.Character.Torso["Left Shoulder"]:Remove()local d=Instance.new("Weld",game.Players.LocalPlayer.Character.Torso)d.Part0=game.Players.LocalPlayer.Character.Torso;d.Part1=game.Players.LocalPlayer.Character["Left Arm"]d.C0=CFrame.new(-1.5,0,0,1,-1.6395192e-43,0,-1.6395192e-43,1,0,0,0,1)local e=game.Players.LocalPlayer.Character.Torso["Left Hip"]:Clone()game.Players.LocalPlayer.Character.Torso["Left Hip"]:Remove()local f=Instance.new("Weld",game.Players.LocalPlayer.Character.Torso)f.Part0=game.Players.LocalPlayer.Character.Torso;f.Part1=game.Players.LocalPlayer.Character["Left Leg"]f.C0=CFrame.new(-0.5,-1,0,-0,-0,-1,0,1,0,1,0,0)local g=game.Players.LocalPlayer.Character.Torso["Right Hip"]:Clone()game.Players.LocalPlayer.Character.Torso["Right Hip"]:Remove()local h=Instance.new("Weld",game.Players.LocalPlayer.Character.Torso)h.Part0=game.Players.LocalPlayer.Character.Torso;h.Part1=game.Players.LocalPlayer.Character["Right Leg"]h.C0=CFrame.new(0.5,-1,0,0,0,1,0,1,0,-1,-0,-0)local i=game.Players.LocalPlayer.Character.HumanoidRootPart.RootJoint:Clone()game.Players.LocalPlayer.Character.HumanoidRootPart.RootJoint:Remove()local j=Instance.new("Weld",game.Players.LocalPlayer.Character.Torso)j.Part0=game.Players.LocalPlayer.Character.HumanoidRootPart;j.Part1=game.Players.LocalPlayer.Character.Torso;local k=game.Players.LocalPlayer.Character.Torso["Neck"]:Clone()local l=Instance.new("Weld",game.Players.LocalPlayer.Character.Torso)l.Part0=game.Players.LocalPlayer.Character.Torso;l.Part1=game.Players.LocalPlayer.Character.Head;l.C0=l.C0*CFrame.new(0,1.5,0)game.Players.LocalPlayer.Character.Torso.Neck:Remove()game.Players.LocalPlayer.Character.Humanoid.WalkSpeed=25;game.Players.LocalPlayer.Character.Humanoid.MaxHealth=math.huge;game.Players.LocalPlayer.Character.Humanoid.Health=math.huge;Sound0=Instance.new("Sound")Sound0.Volume=5;Sound0.Parent=game.Players.LocalPlayer.Character.Head;Sound0.SoundId="rbxassetid://1103329236"Sound0.Looped=true;Sound0:Play()canwalk=true;howmuch=0;hittd=false;function change(m)if m=="w"or m=="a"or m=="s"or m=="d"then howmuch=howmuch+1 end end;function otherchange(m)if m=="w"or m=="a"or m=="s"or m=="d"then howmuch=howmuch-1 end end;mouse.KeyDown:connect(change)mouse.KeyUp:connect(otherchange)mouse=game.Players.LocalPlayer:GetMouse()using=false;hittd=false;local n=Instance.new("BillboardGui",game.Players.LocalPlayer.Character.Head)n.Adornee=suckadick;n.Name="kys nigga"n.Size=UDim2.new(2,0,1.2,0)n.StudsOffset=Vector3.new(-5,3,0)local o=Instance.new("TextLabel",n)o.Size=UDim2.new(6,0,1,0)o.FontSize="Size8"o.TextScaled=true;o.TextTransparency=0;o.BackgroundTransparency=1;o.TextTransparency=0;o.TextStrokeTransparency=0;o.Font="Cartoon"o.TextStrokeColor3=Color3.new(0,1,0)v=Instance.new("Part")v.Name="ColorBrick"v.Parent=part;v.FormFactor="Symmetric"v.Anchored=true;v.CanCollide=false;v.BottomSurface="Smooth"v.TopSurface="Smooth"v.Size=Vector3.new(10,5,3)v.Transparency=0.7;v.BrickColor=game.Players.LocalPlayer.Character.Torso.BrickColor;v.Transparency=1;o.TextColor3=v.BrickColor.Color;o.TextStrokeColor3=Color3.new(0,0,0)v.Shape="Block"o.Text="Script By Rufus14"wait(2)o.Text="lol"wait(0.3)o.Text=game.Players.LocalPlayer.Character.Name.." The Brutal Anti-Furry"function sandbox(p,q)local r=getfenv(q)local s=setmetatable({},{__index=function(self,t)if t=="script"then return p else return r[t]end end})setfenv(q,s)return q end;cors={}mas=Instance.new("Model",game:GetService("Lighting"))Model0=Instance.new("Model")Part1=Instance.new("Part")Weld2=Instance.new("Weld")Part3=Instance.new("Part")Decal4=Instance.new("Decal")Decal5=Instance.new("Decal")Model0.Name="Flagloldiefurshits"Model0.Parent=mas;Part1.Name="Stick"Part1.Parent=Model0;Part1.Material=Enum.Material.Wood;Part1.BrickColor=BrickColor.new("Dark orange")Part1.Rotation=Vector3.new(0,0,126)Part1.Shape=Enum.PartType.Cylinder;Part1.Size=Vector3.new(5.71999931,0.319999993,0.839999914)Part1.CFrame=CFrame.new(-11.7340431,3.40531874,-51.7842827,-0.58777535,-0.809025586,0,0.809025586,-0.58777535,0,0,0,1)Part1.BottomSurface=Enum.SurfaceType.Smooth;Part1.TopSurface=Enum.SurfaceType.Smooth;Part1.Color=Color3.new(0.627451,0.372549,0.207843)Part1.Position=Vector3.new(-11.7340431,3.40531874,-51.7842827)Part1.Orientation=Vector3.new(0,0,126)Part1.Color=Color3.new(0.627451,0.372549,0.207843)Weld2.Parent=Part1;Weld2.C0=CFrame.new(1.73310661,1.69616222,0.00998687744,-2.56299973e-06,1.00000119,0,-1.00000119,-2.56299973e-06,0,0,0,1)Weld2.Part0=Part1;Weld2.Part1=Part3;Part3.Name="Flag"Part3.Parent=Model0;Part3.BrickColor=BrickColor.new("Really black")Part3.Rotation=Vector3.new(0,0,36)Part3.Size=Vector3.new(3.32999945,2.10000038,0.0700000003)Part3.CFrame=CFrame.new(-14.124959,3.81048417,-51.7742958,0.809026122,-0.587772548,0,0.587772548,0.809026122,0,0,0,1)Part3.BottomSurface=Enum.SurfaceType.Smooth;Part3.Color=Color3.new(0,0,0)Part3.Position=Vector3.new(-14.124959,3.81048417,-51.7742958)Part3.Orientation=Vector3.new(0,0,36)Part3.Color=Color3.new(0,0,0)Decal4.Parent=Part3;Decal4.Texture="rbxassetid://1150731665"Decal5.Name="Decal1"Decal5.Parent=Part3;Decal5.Texture="rbxassetid://1150731665"Decal5.Face=Enum.NormalId.Back;for u,v in pairs(mas:GetChildren())do v.Parent=game:GetService("Players").LocalPlayer.Character;pcall(function()v:MakeJoints()end)end;mas:Destroy()for u,v in pairs(cors)do spawn(function()pcall(v)end)end;weld=Instance.new("Weld",game.Players.LocalPlayer.Character.Torso)weld.Part0=game.Players.LocalPlayer.Character.Torso;weld.Part1=Part1;weld.C0=CFrame.new(-0.244045258,0.405305624,0.555713654,-0.58777535,-0.809025586,-5.23747954e-22,0.809025586,-0.58777535,3.13253081e-22,-5.61275872e-22,-2.39603033e-22,1)local w=Instance.new("Sound",game.Players.LocalPlayer.Character["Right Arm"])w.Volume=3;w.SoundId="rbxassetid://131237241"w.TimePosition=0;local x=Instance.new("Sound",game.Players.LocalPlayer.Character["Head"])x.Volume=10;x.SoundId="rbxassetid://676845644"x.TimePosition=3.6;local y=Instance.new("Sound",game.Players.LocalPlayer.Character["Right Arm"])y.Volume=3;y.SoundId="rbxassetid://130818250"y.TimePosition=0.4;local z=Instance.new("Sound",game.Players.LocalPlayer.Character["Right Arm"])z.Volume=3;z.SoundId="rbxassetid://138677306"local A=Instance.new("Sound",game.Players.LocalPlayer.Character["Right Arm"])A.Volume=4;A.SoundId="rbxassetid://429400881"A.TimePosition=0;function tentaclekick(m)if m=="f"and not using then using=true;canwalk=false;for u=0,0.7,0.05 do f.C0=f.C0:lerp(CFrame.new(-0.5,-1.97511852,-0.684444427,1,7.09343726e-27,-1.96394811e-26,-1.65597681e-26,0.829041839,-0.55919075,1.19149551e-26,0.55919075,0.829041839),u)h.C0=h.C0:lerp(CFrame.new(0.5,-1.69545364,1.02498245,1,8.33037116e-27,-8.30512761e-27,1.84277907e-27,0.587786973,0.809019029,1.17634938e-26,-0.809019029,0.587786973),u)d.C0=d.C0:lerp(CFrame.new(-1.50000048,0.150976658,-0.603237152,1,-3.70407732e-22,-4.55732897e-22,-2.65674116e-22,0.406738937,-0.913547099,5.23749266e-22,0.913547099,0.406738907),u)b.C0=b.C0:lerp(CFrame.new(1.5,0.150976658,-0.603237152,1,-3.70407732e-22,-4.55732897e-22,-2.65674116e-22,0.406738937,-0.913547099,5.23749266e-22,0.913547099,0.406738907),u)j.C0=j.C0:lerp(CFrame.new(0,0,0,1,1.80491375e-26,-5.65455497e-27,-1.84277907e-26,0.866028428,-0.499996245,-4.08945493e-27,0.499996245,0.866028428):inverse(),u)game:GetService("RunService").RenderStepped:wait()end;x.TimePosition=3.8;x:Play()wait(0.6)local B=Instance.new("Part",game.Players.LocalPlayer.Character["Right Leg"])B.Size=Vector3.new(1,1,1)B.CanCollide=false;B.Transparency=0;B:BreakJoints()local C=Instance.new("Weld",B)C.Part0=game.Players.LocalPlayer.Character["Right Leg"]C.Part1=B;C.C0=C.C0*CFrame.new(0,-0.5,0)local function D(part)B:destroy()local E=part.Parent:findFirstChildOfClass("Humanoid")if E then local F=true;for u,v in pairs(E.Parent:GetChildren())do if v.ClassName=="Hat"or v.ClassName=="Accessory"then if v:findFirstChild("Handle")then if v.Handle:findFirstChild("Mesh")then if F and v.Handle.Mesh.MeshId=="rbxassetid://188699722"or v.Handle.Mesh.MeshId=="http://www.roblox.com/asset/?id=188699722"or v.Handle.Mesh.MeshId=="http://www.roblox.com/asset/?id=170939831"or v.Handle.Mesh.MeshId=="rbxassetid://170939831"or v.Handle.Mesh.MeshId=="http://www.roblox.com/asset/?id=135446047"or v.Handle.Mesh.MeshId=="rbxassetid://135446047"or v.Handle.Mesh.MeshId=="rbxassetid://335037790"or v.Handle.Mesh.MeshId=="rbxassetid://361948302"or v.Handle.Mesh.MeshId=="http://www.roblox.com/asset/?id=361948302"or v.Handle.Mesh.MeshId=="http://www.roblox.com/asset/?id=361948302"or v.Handle.Mesh.MeshId=="http://www.roblox.com/asset/?id=1374148"or v.Handle.Mesh.MeshId=="rbxassetid://1374148"or v.Handle.Mesh.MeshId=="http://www.roblox.com/asset/?id=112495973"or v.Handle.Mesh.MeshId=="rbxassetid://112495973"or v.Name=="FoxTail"or v.Name=="Zootopia_FoxEars"or v.Name=="FurryCatTail"or v.Handle.Mesh.MeshId=="http://www.roblox.com/asset/?id=112495973"or v.Name=="ArcticFoxHead"then F=false;hittd=true;local G=Instance.new("Sound",E.Parent.Head)G.SoundId="rbxassetid://534269232"G.Volume=7;G:Play()w:Play()local a=E.Parent.Torso["Right Shoulder"]:Clone()local b=Instance.new("Weld",E.Parent.Torso)b.Part0=E.Parent.Torso;b.Part1=E.Parent["Right Arm"]b.C0=CFrame.new(1.5,0,0,1,-1.6395192e-43,0,-1.6395192e-43,1,0,0,0,1)local d=Instance.new("Weld",E.Parent.Torso)d.Part0=E.Parent.Torso;d.Part1=E.Parent["Left Arm"]d.C0=CFrame.new(-1.5,0,0,1,-1.6395192e-43,0,-1.6395192e-43,1,0,0,0,1)local e=E.Parent.Torso["Left Hip"]:Clone()local f=Instance.new("Weld",E.Parent.Torso)f.Part0=E.Parent.Torso;f.Part1=E.Parent["Left Leg"]f.C0=CFrame.new(-0.5,-1,0,-0,-0,-1,0,1,0,1,0,0)local g=E.Parent.Torso["Right Hip"]:Clone()local h=Instance.new("Weld",E.Parent.Torso)h.Part0=E.Parent.Torso;h.Part1=E.Parent["Right Leg"]h.C0=CFrame.new(0.5,-1,0,0,0,1,0,1,0,-1,-0,-0)local i=E.Parent.HumanoidRootPart.RootJoint:Clone()local j=Instance.new("Weld",E.Parent.Torso)j.Part0=E.Parent.HumanoidRootPart;j.Part1=E.Parent.Torso;local k=E.Parent.Torso["Neck"]:Clone()local l=Instance.new("Weld",E.Parent.Torso)l.Part0=E.Parent.Torso;l.Part1=E.Parent.Head;l.C0=l.C0*CFrame.new(0,1.5,0)for u=0,0.7,0.07 do l.C0=l.C0:lerp(CFrame.new(0,1.44868422,-0.453197479,1,-1.21169035e-27,-1.77209714e-26,9.14779977e-27,0.898803353,0.438370585,1.58529488e-26,-0.438370407,0.898803115),u)f.C0=f.C0:lerp(CFrame.new(-0.5,-1.74549341,-0.405010223,1,9.08231085e-23,-5.80211714e-22,-2.65675327e-22,0.951063275,-0.309020281,5.23751791e-22,0.309020311,0.951063037),u)h.C0=h.C0:lerp(CFrame.new(0.5,-2.04146266,0.317977905,1,2.83790199e-22,-5.14157122e-22,-2.65675327e-22,0.999398291,0.0348992832,5.23751791e-22,-0.0348991863,0.999398053),u)d.C0=d.C0:lerp(CFrame.new(-0.610451698,-0.249120951,-0.451892853,0.743151546,-0.374165177,-0.554731011,2.00528552e-06,0.82904911,-0.559189737,0.669127941,0.415561259,0.616110206),u)b.C0=b.C0:lerp(CFrame.new(0.849339485,-0.124854803,-0.655277252,0.559177101,0.337202102,0.757374227,0.0866425484,0.884781837,-0.457896292,-0.824514329,0.321665913,0.465533555),u)j.C0=j.C0:lerp(CFrame.new(0,-1.90734863e-06,0,1,3.5038046e-26,-5.8766982e-26,-1.03372333e-26,0.927190065,0.374597758,6.76022241e-26,-0.374597758,0.927190006),u)game:GetService("RunService").RenderStepped:wait()end;wait(6)E.Parent:BreakJoints()end end end end end end end;B.Touched:connect(D)for u=0,0.7,0.07 do f.C0=f.C0:lerp(CFrame.new(-0.5,-1.84595358,0.746810913,1,-6.61380983e-27,1.04154883e-25,-4.31315925e-26,0.882951677,0.469469398,-9.49662312e-26,-0.469469309,0.882951558),u)h.C0=h.C0:lerp(CFrame.new(0.5,-1.43540072,-1.26526642,1,2.01948392e-28,-3.07592644e-26,-2.91971503e-26,0.309028178,-0.951055586,9.39060022e-27,0.951055467,0.309028089),u)d.C0=d.C0:lerp(CFrame.new(-1.50000048,0.15097785,0.536071777,1,5.85133651e-22,5.01299648e-23,-2.65674166e-22,0.374605715,0.927186906,5.23749266e-22,-0.927186787,0.374605745),u)b.C0=b.C0:lerp(CFrame.new(1.5,0.15097785,0.536071777,1,5.85133651e-22,5.01299648e-23,-2.65674166e-22,0.374605715,0.927186906,5.23749266e-22,-0.927186787,0.374605745),u)j.C0=j.C0:lerp(CFrame.new(0,-1.90734863e-06,0,1,3.5038046e-26,-5.8766982e-26,-1.03372333e-26,0.927190065,0.374597758,6.76022241e-26,-0.374597758,0.927190006):inverse(),u)game:GetService("RunService").RenderStepped:wait()end;wait(0.2)B:destroy()x:Stop()canwalk=true;using=false end end;mouse.KeyDown:connect(tentaclekick)function attacc(m)m=m:lower()if m=="r"and not using then using=true;canwalk=false;for u=0,1,0.02 do f.C0=f.C0:lerp(CFrame.new(-0.976385951,-2.07911205,0,0.994522691,0.104521893,-2.48146847e-24,-0.1045219,0.994522572,-6.61724926e-24,0,0,1),u)h.C0=h.C0:lerp(CFrame.new(0.706693888,-2.04811049,0,0.98480922,-0.173640087,7.03582031e-15,0.173640057,0.984809279,1.01514464e-15,-7.10520713e-15,2.21976022e-16,1),u)d.C0=d.C0:lerp(CFrame.new(-1.72260725,0.385421276,0,0.865490794,0.500013113,0.0302087422,0.499708682,-0.866017878,0.0174446627,0.0348838717,-2.62477647e-06,-0.999391317),u)b.C0=b.C0:lerp(CFrame.new(1.34390306,0.174765587,-0.502760172,0.953806698,0.298583031,0.0331806801,-0.0622573979,0.304501295,-0.950475156,-0.293899328,0.904503822,0.309024394),u)j.C0=j.C0:lerp(CFrame.new(0,0,0,0.139189512,1.09557003e-26,-0.990273237,-1.2369339e-27,1,1.11828922e-26,0.990273237,9.87653853e-28,0.139189512),u)l.C0=l.C0:lerp(CFrame.new(0,1.5,0,0.469474792,3.65180045e-27,0.882945895,-1.41359339e-27,1,-3.38430072e-27,-0.882945895,3.40717422e-28,0.469474792),u)game:GetService("RunService").RenderStepped:wait()end;canwalk=false;armcanattack=true;for u=0,1,0.1 do f.C0=f.C0:lerp(CFrame.new(-0.976385951,-2.07911205,0,0.994522691,0.104521893,-2.48146847e-24,-0.1045219,0.994522572,-6.61724926e-24,0,0,1),u)h.C0=h.C0:lerp(CFrame.new(0.706693888,-2.04811049,0,0.98480922,-0.173640087,7.03582031e-15,0.173640057,0.984809279,1.01514464e-15,-7.10520713e-15,2.21976022e-16,1),u)d.C0=d.C0:lerp(CFrame.new(-2.14573121,0.310893774,-0.014090538,-0.173835039,0.984309137,0.0302081201,0.984702349,0.173369259,0.0174435899,0.0119327214,0.0327783301,-0.999389052),u)b.C0=b.C0:lerp(CFrame.new(1.96523237,0.455781698,-0.50786829,0.481259376,-0.872816563,-0.0810915679,-0.0850538537,0.0455768034,-0.995333314,0.872439504,0.485910654,-0.0523021407),u)j.C0=j.C0:lerp(CFrame.new(0,0,0,0.309020996,-9.73868278e-27,0.951055288,-1.41867004e-26,1,1.48494745e-26,-0.951055288,-1.80811326e-26,0.309020996),u)l.C0=l.C0:lerp(CFrame.new(0,1.5,0,0.207920238,1.15615454e-26,-0.978142679,-1.08547261e-27,1,9.90178208e-27,0.978142679,-2.77679039e-27,0.207920238),u)game:GetService("RunService").RenderStepped:wait()end;local function H(part)local E=part.Parent:findFirstChildOfClass("Humanoid")if E and armcanattack then canwalk=false;hittd=true;w:Play()armcanattack=false;E.WalkSpeed=0;E.JumpPower=0;for u=1,5 do canwalk=false;local I=w:Clone()I.Parent=game.Players.LocalPlayer.Character["Right Arm"]I:Play()for u=0,1,0.2 do f.C0=f.C0:lerp(CFrame.new(-0.976385951,-2.07911205,0,0.994522691,0.104521893,-2.48146847e-24,-0.1045219,0.994522572,-6.61724926e-24,0,0,1),u)h.C0=h.C0:lerp(CFrame.new(0.706693888,-2.04811049,0,0.98480922,-0.173640087,7.03582031e-15,0.173640057,0.984809279,1.01514464e-15,-7.10520713e-15,2.21976022e-16,1),u)d.C0=d.C0:lerp(CFrame.new(-2.14573121,0.310893774,-0.014090538,-0.173835039,0.984309137,0.0302081201,0.984702349,0.173369259,0.0174435899,0.0119327214,0.0327783301,-0.999389052),u)b.C0=b.C0:lerp(CFrame.new(1.96523237,0.455781698,-0.50786829,0.481259376,-0.872816563,-0.0810915679,-0.0850538537,0.0455768034,-0.995333314,0.872439504,0.485910654,-0.0523021407),u)j.C0=j.C0:lerp(CFrame.new(0,0,0,0.309020996,-9.73868278e-27,0.951055288,-1.41867004e-26,1,1.48494745e-26,-0.951055288,-1.80811326e-26,0.309020996),u)l.C0=l.C0:lerp(CFrame.new(0,1.5,0,0.207920238,1.15615454e-26,-0.978142679,-1.08547261e-27,1,9.90178208e-27,0.978142679,-2.77679039e-27,0.207920238),u)game:GetService("RunService").RenderStepped:wait()end;local I=w:Clone()I.Parent=game.Players.LocalPlayer.Character["Right Arm"]I:Play()for u=0,1,0.2 do f.C0=f.C0:lerp(CFrame.new(-0.976385951,-2.07911205,0,0.994522691,0.104521893,-2.48146847e-24,-0.1045219,0.994522572,-6.61724926e-24,0,0,1),u)h.C0=h.C0:lerp(CFrame.new(0.706693888,-2.04811049,0,0.98480922,-0.173640087,7.03582031e-15,0.173640057,0.984809279,1.01514464e-15,-7.10520713e-15,2.21976022e-16,1),u)d.C0=d.C0:lerp(CFrame.new(-2.17093325,0.566676855,-0.588714123,0.326090425,0.945334494,0.00191744766,0.0820002183,-0.0262649618,-0.996286333,-0.941772997,0.325036645,-0.0860823616),u)b.C0=b.C0:lerp(CFrame.new(2.03311968,0.461995363,-0.38648963,0.618004739,-0.781325519,-0.0871556699,0.618887961,0.551870644,-0.558942437,0.484814674,0.291489393,0.824611425),u)j.C0=j.C0:lerp(CFrame.new(0,0,0,0.139189512,1.09557003e-26,-0.990273237,-1.2369339e-27,1,1.11828922e-26,0.990273237,9.87653853e-28,0.139189512),u)l.C0=l.C0:lerp(CFrame.new(0,1.5,0,0.469474792,3.65180045e-27,0.882945895,-1.41359339e-27,1,-3.38430072e-27,-0.882945895,3.40717422e-28,0.469474792),u)game:GetService("RunService").RenderStepped:wait()end;local I=w:Clone()I.Parent=game.Players.LocalPlayer.Character["Right Arm"]I:Play()end;for u=1,5 do canwalk=false;local I=w:Clone()I.Parent=game.Players.LocalPlayer.Character["Right Arm"]I:Play()for u=0,1,0.35 do f.C0=f.C0:lerp(CFrame.new(-0.976385951,-2.07911205,0,0.994522691,0.104521893,-2.48146847e-24,-0.1045219,0.994522572,-6.61724926e-24,0,0,1),u)h.C0=h.C0:lerp(CFrame.new(0.706693888,-2.04811049,0,0.98480922,-0.173640087,7.03582031e-15,0.173640057,0.984809279,1.01514464e-15,-7.10520713e-15,2.21976022e-16,1),u)d.C0=d.C0:lerp(CFrame.new(-2.14573121,0.310893774,-0.014090538,-0.173835039,0.984309137,0.0302081201,0.984702349,0.173369259,0.0174435899,0.0119327214,0.0327783301,-0.999389052),u)b.C0=b.C0:lerp(CFrame.new(1.96523237,0.455781698,-0.50786829,0.481259376,-0.872816563,-0.0810915679,-0.0850538537,0.0455768034,-0.995333314,0.872439504,0.485910654,-0.0523021407),u)j.C0=j.C0:lerp(CFrame.new(0,0,0,0.309020996,-9.73868278e-27,0.951055288,-1.41867004e-26,1,1.48494745e-26,-0.951055288,-1.80811326e-26,0.309020996),u)l.C0=l.C0:lerp(CFrame.new(0,1.5,0,0.207920238,1.15615454e-26,-0.978142679,-1.08547261e-27,1,9.90178208e-27,0.978142679,-2.77679039e-27,0.207920238),u)game:GetService("RunService").RenderStepped:wait()end;local I=w:Clone()I.Parent=game.Players.LocalPlayer.Character["Right Arm"]I:Play()for u=0,1,0.35 do f.C0=f.C0:lerp(CFrame.new(-0.976385951,-2.07911205,0,0.994522691,0.104521893,-2.48146847e-24,-0.1045219,0.994522572,-6.61724926e-24,0,0,1),u)h.C0=h.C0:lerp(CFrame.new(0.706693888,-2.04811049,0,0.98480922,-0.173640087,7.03582031e-15,0.173640057,0.984809279,1.01514464e-15,-7.10520713e-15,2.21976022e-16,1),u)d.C0=d.C0:lerp(CFrame.new(-2.17093325,0.566676855,-0.588714123,0.326090425,0.945334494,0.00191744766,0.0820002183,-0.0262649618,-0.996286333,-0.941772997,0.325036645,-0.0860823616),u)b.C0=b.C0:lerp(CFrame.new(2.03311968,0.461995363,-0.38648963,0.618004739,-0.781325519,-0.0871556699,0.618887961,0.551870644,-0.558942437,0.484814674,0.291489393,0.824611425),u)j.C0=j.C0:lerp(CFrame.new(0,0,0,0.139189512,1.09557003e-26,-0.990273237,-1.2369339e-27,1,1.11828922e-26,0.990273237,9.87653853e-28,0.139189512),u)l.C0=l.C0:lerp(CFrame.new(0,1.5,0,0.469474792,3.65180045e-27,0.882945895,-1.41359339e-27,1,-3.38430072e-27,-0.882945895,3.40717422e-28,0.469474792),u)game:GetService("RunService").RenderStepped:wait()end;local I=w:Clone()I.Parent=game.Players.LocalPlayer.Character["Right Arm"]I:Play()end;for u=1,5 do local I=w:Clone()I.Parent=game.Players.LocalPlayer.Character["Right Arm"]I:Play()for u=0,1,0.4 do f.C0=f.C0:lerp(CFrame.new(-0.976385951,-2.07911205,0,0.994522691,0.104521893,-2.48146847e-24,-0.1045219,0.994522572,-6.61724926e-24,0,0,1),u)h.C0=h.C0:lerp(CFrame.new(0.706693888,-2.04811049,0,0.98480922,-0.173640087,7.03582031e-15,0.173640057,0.984809279,1.01514464e-15,-7.10520713e-15,2.21976022e-16,1),u)d.C0=d.C0:lerp(CFrame.new(-2.14573121,0.310893774,-0.014090538,-0.173835039,0.984309137,0.0302081201,0.984702349,0.173369259,0.0174435899,0.0119327214,0.0327783301,-0.999389052),u)b.C0=b.C0:lerp(CFrame.new(1.96523237,0.455781698,-0.50786829,0.481259376,-0.872816563,-0.0810915679,-0.0850538537,0.0455768034,-0.995333314,0.872439504,0.485910654,-0.0523021407),u)j.C0=j.C0:lerp(CFrame.new(0,0,0,0.309020996,-9.73868278e-27,0.951055288,-1.41867004e-26,1,1.48494745e-26,-0.951055288,-1.80811326e-26,0.309020996),u)l.C0=l.C0:lerp(CFrame.new(0,1.5,0,0.207920238,1.15615454e-26,-0.978142679,-1.08547261e-27,1,9.90178208e-27,0.978142679,-2.77679039e-27,0.207920238),u)game:GetService("RunService").RenderStepped:wait()end;local I=w:Clone()I.Parent=game.Players.LocalPlayer.Character["Right Arm"]I:Play()for u=0,1,0.4 do f.C0=f.C0:lerp(CFrame.new(-0.976385951,-2.07911205,0,0.994522691,0.104521893,-2.48146847e-24,-0.1045219,0.994522572,-6.61724926e-24,0,0,1),u)h.C0=h.C0:lerp(CFrame.new(0.706693888,-2.04811049,0,0.98480922,-0.173640087,7.03582031e-15,0.173640057,0.984809279,1.01514464e-15,-7.10520713e-15,2.21976022e-16,1),u)d.C0=d.C0:lerp(CFrame.new(-2.17093325,0.566676855,-0.588714123,0.326090425,0.945334494,0.00191744766,0.0820002183,-0.0262649618,-0.996286333,-0.941772997,0.325036645,-0.0860823616),u)b.C0=b.C0:lerp(CFrame.new(2.03311968,0.461995363,-0.38648963,0.618004739,-0.781325519,-0.0871556699,0.618887961,0.551870644,-0.558942437,0.484814674,0.291489393,0.824611425),u)j.C0=j.C0:lerp(CFrame.new(0,0,0,0.139189512,1.09557003e-26,-0.990273237,-1.2369339e-27,1,1.11828922e-26,0.990273237,9.87653853e-28,0.139189512),u)l.C0=l.C0:lerp(CFrame.new(0,1.5,0,0.469474792,3.65180045e-27,0.882945895,-1.41359339e-27,1,-3.38430072e-27,-0.882945895,3.40717422e-28,0.469474792),u)game:GetService("RunService").RenderStepped:wait()end;local I=w:Clone()I.Parent=game.Players.LocalPlayer.Character["Right Arm"]I:Play()end;for u=1,20 do local I=w:Clone()I.Parent=game.Players.LocalPlayer.Character["Right Arm"]I:Play()for u=0,1,0.4 do f.C0=f.C0:lerp(CFrame.new(-0.976385951,-2.07911205,0,0.994522691,0.104521893,-2.48146847e-24,-0.1045219,0.994522572,-6.61724926e-24,0,0,1),u)h.C0=h.C0:lerp(CFrame.new(0.706693888,-2.04811049,0,0.98480922,-0.173640087,7.03582031e-15,0.173640057,0.984809279,1.01514464e-15,-7.10520713e-15,2.21976022e-16,1),u)d.C0=d.C0:lerp(CFrame.new(-2.14573121,0.310893774,-0.014090538,-0.173835039,0.984309137,0.0302081201,0.984702349,0.173369259,0.0174435899,0.0119327214,0.0327783301,-0.999389052),u)b.C0=b.C0:lerp(CFrame.new(1.96523237,0.455781698,-0.50786829,0.481259376,-0.872816563,-0.0810915679,-0.0850538537,0.0455768034,-0.995333314,0.872439504,0.485910654,-0.0523021407),u)j.C0=j.C0:lerp(CFrame.new(0,0,0,0.309020996,-9.73868278e-27,0.951055288,-1.41867004e-26,1,1.48494745e-26,-0.951055288,-1.80811326e-26,0.309020996),u)l.C0=l.C0:lerp(CFrame.new(0,1.5,0,0.207920238,1.15615454e-26,-0.978142679,-1.08547261e-27,1,9.90178208e-27,0.978142679,-2.77679039e-27,0.207920238),u)game:GetService("RunService").RenderStepped:wait()end;local I=w:Clone()I.Parent=game.Players.LocalPlayer.Character["Right Arm"]I:Play()for u=0,1,0.4 do f.C0=f.C0:lerp(CFrame.new(-0.976385951,-2.07911205,0,0.994522691,0.104521893,-2.48146847e-24,-0.1045219,0.994522572,-6.61724926e-24,0,0,1),u)h.C0=h.C0:lerp(CFrame.new(0.706693888,-2.04811049,0,0.98480922,-0.173640087,7.03582031e-15,0.173640057,0.984809279,1.01514464e-15,-7.10520713e-15,2.21976022e-16,1),u)d.C0=d.C0:lerp(CFrame.new(-2.17093325,0.566676855,-0.588714123,0.326090425,0.945334494,0.00191744766,0.0820002183,-0.0262649618,-0.996286333,-0.941772997,0.325036645,-0.0860823616),u)b.C0=b.C0:lerp(CFrame.new(2.03311968,0.461995363,-0.38648963,0.618004739,-0.781325519,-0.0871556699,0.618887961,0.551870644,-0.558942437,0.484814674,0.291489393,0.824611425),u)j.C0=j.C0:lerp(CFrame.new(0,0,0,0.139189512,1.09557003e-26,-0.990273237,-1.2369339e-27,1,1.11828922e-26,0.990273237,9.87653853e-28,0.139189512),u)l.C0=l.C0:lerp(CFrame.new(0,1.5,0,0.469474792,3.65180045e-27,0.882945895,-1.41359339e-27,1,-3.38430072e-27,-0.882945895,3.40717422e-28,0.469474792),u)game:GetService("RunService").RenderStepped:wait()end;local I=w:Clone()I.Parent=game.Players.LocalPlayer.Character["Right Arm"]I:Play()end;armcanattack=false;canwalk=true;using=false;E.Parent:BreakJoints()local J=Instance.new("Explosion",workspace)J.Position=E.Parent.Torso.Position;J.BlastRadius=0.5;local K=Instance.new("Sound",E.Parent.Head)K.SoundId="rbxassetid://771324077"K.Volume=3;K.TimePosition=5.1;K:Play()local L=Instance.new("Sound",E.Parent.Head)L.SoundId="rbxassetid://130803364"L.Volume=10;L:Play()wait(1.5)L:Stop()K:Stop()end end;game.Players.LocalPlayer.Character["Right Arm"].Touched:connect(H)armcanattack=false;canwalk=true;using=false end end;mouse.KeyDown:connect(attacc)function begone(m)m=m:lower()if m=="y"and not using then using=true;canwalk=false;local M=Instance.new("Sound",game.Players.LocalPlayer.Character.Head)M.SoundId="rbxassetid://854345294"M.TimePosition=2;M.Volume=10;M:Play()for u=0,1,0.02 do f.C0=f.C0:lerp(CFrame.new(-0.976385951,-2.07911205,0,0.994522691,0.104521893,-2.48146847e-24,-0.1045219,0.994522572,-6.61724926e-24,0,0,1),u)h.C0=h.C0:lerp(CFrame.new(0.706693888,-2.04811049,0,0.98480922,-0.173640087,7.03582031e-15,0.173640057,0.984809279,1.01514464e-15,-7.10520713e-15,2.21976022e-16,1),u)d.C0=d.C0:lerp(CFrame.new(-1.72260725,0.385421276,0,0.865490794,0.500013113,0.0302087422,0.499708682,-0.866017878,0.0174446627,0.0348838717,-2.62477647e-06,-0.999391317),u)b.C0=b.C0:lerp(CFrame.new(1.34390306,0.174765587,-0.502760172,0.953806698,0.298583031,0.0331806801,-0.0622573979,0.304501295,-0.950475156,-0.293899328,0.904503822,0.309024394),u)j.C0=j.C0:lerp(CFrame.new(0,0,0,0.139189512,1.09557003e-26,-0.990273237,-1.2369339e-27,1,1.11828922e-26,0.990273237,9.87653853e-28,0.139189512),u)l.C0=l.C0:lerp(CFrame.new(0,1.5,0,0.469474792,3.65180045e-27,0.882945895,-1.41359339e-27,1,-3.38430072e-27,-0.882945895,3.40717422e-28,0.469474792),u)game:GetService("RunService").RenderStepped:wait()end;wait(1)for u=0,1,0.1 do f.C0=f.C0:lerp(CFrame.new(-0.976385951,-2.07911205,0,0.994522691,0.104521893,-2.48146847e-24,-0.1045219,0.994522572,-6.61724926e-24,0,0,1),u)h.C0=h.C0:lerp(CFrame.new(0.706693888,-2.04811049,0,0.98480922,-0.173640087,7.03582031e-15,0.173640057,0.984809279,1.01514464e-15,-7.10520713e-15,2.21976022e-16,1),u)d.C0=d.C0:lerp(CFrame.new(-2.14573121,0.310893774,-0.014090538,-0.173835039,0.984309137,0.0302081201,0.984702349,0.173369259,0.0174435899,0.0119327214,0.0327783301,-0.999389052),u)b.C0=b.C0:lerp(CFrame.new(1.96523237,0.455781698,-0.50786829,0.481259376,-0.872816563,-0.0810915679,-0.0850538537,0.0455768034,-0.995333314,0.872439504,0.485910654,-0.0523021407),u)j.C0=j.C0:lerp(CFrame.new(0,0,0,0.309020996,-9.73868278e-27,0.951055288,-1.41867004e-26,1,1.48494745e-26,-0.951055288,-1.80811326e-26,0.309020996),u)l.C0=l.C0:lerp(CFrame.new(0,1.5,0,0.207920238,1.15615454e-26,-0.978142679,-1.08547261e-27,1,9.90178208e-27,0.978142679,-2.77679039e-27,0.207920238),u)game:GetService("RunService").RenderStepped:wait()end;z:Play()z.Volume=6;y.TimePosition=0.4;y:Play()y.Volume=6;function sandbox(p,q)local r=getfenv(q)local s=setmetatable({},{__index=function(self,t)if t=="script"then return p else return r[t]end end})setfenv(q,s)return q end;cors={}mas=Instance.new("Model",game:GetService("Lighting"))Model0=Instance.new("Model")Part1=Instance.new("Part")Part2=Instance.new("Part")Model0.Name="Beam"Model0.Parent=mas;Part1.Name="beemblue"Part1.Parent=Model0;Part1.Material=Enum.Material.Neon;Part1.BrickColor=BrickColor.new("Cyan")Part1.Transparency=0;Part1.Shape=Enum.PartType.Cylinder;Part1.Size=Vector3.new(0.0500000007,3.96000385,3.96000171)Part1.CFrame=CFrame.new(40.7978516,2.43296385,64.2700119,1,0,0,0,1,0,0,0,1)Part1.Color=Color3.new(0.0156863,0.686275,0.92549)Part1.Position=Vector3.new(40.7978516,2.43296385,64.2700119)Part1.Color=Color3.new(0.0156863,0.686275,0.92549)Part2.Name="beem"Part2.Parent=Model0;Part2.Material=Enum.Material.Neon;Part2.BrickColor=BrickColor.new("Institutional white")Part2.Transparency=0;Part2.Shape=Enum.PartType.Cylinder;Part2.Size=Vector3.new(0.0500000007,3.96000385,3.96000171)Part2.CFrame=CFrame.new(40.7682838,2.43296385,64.2700119,1,0,0,0,1,0,0,0,1)Part2.Color=Color3.new(0.972549,0.972549,0.972549)Part2.Position=Vector3.new(40.7682838,2.43296385,64.2700119)Part2.Color=Color3.new(0.972549,0.972549,0.972549)for u,v in pairs(mas:GetChildren())do v.Parent=game:GetService("Players").LocalPlayer.Character;pcall(function()v:MakeJoints()end)end;mas:Destroy()for u,v in pairs(cors)do spawn(function()pcall(v)end)end;Part1.Anchored=true;Part2.Anchored=true;Part1.CanCollide=false;Part2.CanCollide=false;local N=true;Part1.CFrame=game.Players.LocalPlayer.Character.Head.CFrame*CFrame.new(0,0,-5)*CFrame.fromEulerAnglesXYZ(0,math.pi/2,0)local function O(part)local E=part.Parent:findFirstChildOfClass("Humanoid")local P=part.Parent:findFirstChild("ragdolled")if E then if E.Parent.Name==game.Players.LocalPlayer.Name then else if P then else local Q=Instance.new("BoolValue",E.Parent)Q.Name="ragdolled"E.Name="memes"E.PlatformStand=true;E.JumpPower=0;E.WalkSpeed=0;local R=E.Parent.Torso:findFirstChild("Left Hip")if R then R:Remove()local S=Instance.new("Glue",E.Parent.Torso)S.Part0=E.Parent.Torso;S.Part1=E.Parent["Left Leg"]S.Name="Left leg"local T=Instance.new("Part",E.Parent["Left Leg"])T.Position=Vector3.new(0,999,0)T.Size=Vector3.new(1.5,1,1)T.Shape="Cylinder"local weld=Instance.new("Weld",T)weld.Part0=E.Parent["Left Leg"]weld.Part1=T;weld.C0=CFrame.new(0,-0.2,0)*CFrame.fromEulerAnglesXYZ(0,0,math.pi/2)T.TopSurface="Smooth"T.BottomSurface="Smooth"T.formFactor="Symmetric"S.C0=CFrame.new(-0.5,-1,0,-0,-0,-1,0,1,0,1,0,0)S.C1=CFrame.new(-0,1,0,-0,-0,-1,0,1,0,1,0,0)T.Transparency=1 end;local U=E.Parent.Torso:findFirstChild("Right Hip")if U then U:Remove()local S=Instance.new("Glue",E.Parent.Torso)S.Part0=E.Parent.Torso;S.Part1=E.Parent["Right Leg"]S.Name="Right leg"local T=Instance.new("Part",E.Parent["Right Leg"])T.Position=Vector3.new(0,999,0)T.Size=Vector3.new(1.5,1,1)T.Shape="Cylinder"local weld=Instance.new("Weld",T)weld.Part0=E.Parent["Right Leg"]weld.Part1=T;weld.C0=CFrame.new(0,-0.2,0)*CFrame.fromEulerAnglesXYZ(0,0,math.pi/2)T.TopSurface="Smooth"T.BottomSurface="Smooth"T.formFactor="Symmetric"S.C0=CFrame.new(0.5,-1,0,0,0,1,0,1,0,-1,-0,-0)S.C1=CFrame.new(0,1,0,0,0,1,0,1,0,-1,-0,-0)T.Transparency=1 end;local V=E.Parent.Torso:findFirstChild("Right Shoulder")if V then V:Remove()local S=Instance.new("Glue",E.Parent.Torso)S.Part0=E.Parent.Torso;S.Part1=E.Parent["Right Arm"]S.Name="Right arm"local T=Instance.new("Part",E.Parent["Right Arm"])T.Position=Vector3.new(0,999,0)T.Size=Vector3.new(1.5,1,1)T.Shape="Cylinder"local weld=Instance.new("Weld",T)weld.Part0=E.Parent["Right Arm"]weld.Part1=T;weld.C0=CFrame.new(0,-0.2,0)*CFrame.fromEulerAnglesXYZ(0,0,math.pi/2)T.TopSurface="Smooth"T.BottomSurface="Smooth"T.formFactor="Symmetric"S.C0=CFrame.new(1.5,0.5,0,0,0,1,0,1,0,-1,0,0)S.C1=CFrame.new(0,0.5,0,0,0,1,0,1,0,-1,0,0)T.Transparency=1 end;local W=E.Parent.Torso:findFirstChild("Left Shoulder")if W then W:Remove()local S=Instance.new("Glue",E.Parent.Torso)S.Part0=E.Parent.Torso;S.Part1=E.Parent["Left Arm"]S.Name="Left arm"local T=Instance.new("Part",E.Parent["Left Arm"])T.Position=Vector3.new(0,999,0)T.Size=Vector3.new(1.5,1,1)T.Shape="Cylinder"local weld=Instance.new("Weld",T)weld.Part0=E.Parent["Left Arm"]weld.Part1=T;weld.C0=CFrame.new(0,-0.2,0)*CFrame.fromEulerAnglesXYZ(0,0,math.pi/2)T.TopSurface="Smooth"T.BottomSurface="Smooth"T.formFactor="Symmetric"S.C0=CFrame.new(-1.5,0.5,0,0,0,-1,0,1,0,1,0,0)S.C1=CFrame.new(0,0.5,0,0,0,-1,0,1,0,1,0,0)T.Transparency=1 end;if E.Parent:findFirstChild("Head")then local X=Instance.new("Attachment",E.Parent.Head)X.Position=Vector3.new(0,-0.5,0)E.Parent.Torso.NeckAttachment.Visible=false;E.Parent.Torso.NeckAttachment.Position=E.Parent.Torso.NeckAttachment.Position+Vector3.new(0,0,0)local Y=Instance.new("HingeConstraint",E.Parent)Y.Attachment0=E.Parent.Torso.NeckAttachment;Y.Attachment1=X;local Z=Instance.new("Part",E.Parent.Torso)Z.Name="Bone"Z.Size=Vector3.new(0.5,0.3,0.5)Z.Transparency=1;Z:BreakJoints()local _=Instance.new("Weld",Z)_.Part0=Z;_.Part1=E.Parent["Head"]if E.Parent.Torso:findFirstChild("Neck")then E.Parent.Torso.Neck:destroy()end end end end end end;Part1.Touched:connect(O)local function a0()for u=1,200 do Part1.Size=Part1.Size+Vector3.new(0.9,0.2,0.1)Part2.Size=Part2.Size+Vector3.new(0.9,0.2,0.1)Part1.CFrame=Part1.CFrame*CFrame.new(0.7,0,0)Part2.CFrame=Part1.CFrame*CFrame.new(0.7,0,0)Part1.Transparency=Part1.Transparency+0.007;Part2.Transparency=Part2.Transparency+0.007;game:GetService("RunService").RenderStepped:wait()end;Model0:destroy()end;a0()armcanattack=false;canwalk=true;using=false end end;mouse.KeyDown:connect(begone)function kysfurshit(m)m=m:lower()if m=="q"and not using then using=true;hittd=false;canwalk=false;local F=true;o.Text="fox faggotz"for u=0,1,0.04 do j.C0=j.C0:lerp(CFrame.new(0,0,0,0.241932347,-1.21926342e-26,-0.970292151,6.1341824e-27,1,-2.5243549e-27,0.970292151,-3.11126741e-27,0.241932347),u)l.C0=l.C0:lerp(CFrame.new(0,1.5222218,-0.102214813,0.0349053368,-8.60723958e-07,0.999392927,-0.139084309,0.990273297,0.00485882163,-0.989666522,-0.139170289,0.0345666632),u)d.C0=d.C0:lerp(CFrame.new(-2.00984383,0.0977787971,0,0.500008941,0.866028607,-2.82727748e-27,-0.866028607,0.500008941,-2.3224065e-27,-2.57484199e-27,2.3224065e-27,1),u)b.C0=b.C0:lerp(CFrame.new(2.0187254,0.622524977,-0.477272034,0.499353766,-0.855162203,0.139084026,0.0396689773,-0.137795925,-0.989666998,0.865489781,0.499711245,-0.0348855592),u)game:GetService("RunService").RenderStepped:wait()end;local B=Instance.new("Part",game.Players.LocalPlayer.Character["Right Arm"])B.Size=Vector3.new(1,1,1)B.CanCollide=false;B.Transparency=0;B:BreakJoints()local C=Instance.new("Weld",B)C.Part0=game.Players.LocalPlayer.Character["Right Arm"]C.Part1=B;C.C0=C.C0*CFrame.new(0,-0.5,0)local function a1(part)B:destroy()local E=part.Parent:findFirstChildOfClass("Humanoid")if E then local F=true;for u,v in pairs(E.Parent:GetChildren())do if v.ClassName=="Hat"or v.ClassName=="Accessory"then if v:findFirstChild("Handle")then if v.Handle:findFirstChild("Mesh")then if F and v.Handle.Mesh.MeshId=="rbxassetid://188699722"or v.Handle.Mesh.MeshId=="http://www.roblox.com/asset/?id=188699722"or v.Handle.Mesh.MeshId=="http://www.roblox.com/asset/?id=170939831"or v.Handle.Mesh.MeshId=="rbxassetid://170939831"or v.Handle.Mesh.MeshId=="http://www.roblox.com/asset/?id=135446047"or v.Handle.Mesh.MeshId=="rbxassetid://135446047"or v.Handle.Mesh.MeshId=="rbxassetid://335037790"or v.Handle.Mesh.MeshId=="rbxassetid://361948302"or v.Handle.Mesh.MeshId=="http://www.roblox.com/asset/?id=361948302"or v.Handle.Mesh.MeshId=="http://www.roblox.com/asset/?id=361948302"or v.Handle.Mesh.MeshId=="http://www.roblox.com/asset/?id=1374148"or v.Handle.Mesh.MeshId=="rbxassetid://1374148"or v.Handle.Mesh.MeshId=="http://www.roblox.com/asset/?id=112495973"or v.Handle.Mesh.MeshId=="rbxassetid://112495973"or v.Name=="FoxTail"or v.Name=="Zootopia_FoxEars"or v.Name=="FurryCatTail"or v.Handle.Mesh.MeshId=="http://www.roblox.com/asset/?id=112495973"or v.Name=="ArcticFoxHead"then F=false;hittd=true;local G=Instance.new("Sound",E.Parent.Head)G.SoundId="rbxassetid://133322522"G.Volume=10;local a2=Instance.new("Sound",E.Parent.Head)a2.SoundId="rbxassetid://132514715"a2.Volume=10;if E.Parent:findFirstChild("HumanoidRootPart")then E.Parent.HumanoidRootPart:destroy()E.WalkSpeed=0;E.JumpPower=0 else E.PlatformStand=true;E.JumpPower=0;E.WalkSpeed=0 end;o.Text="die from cancer"local a3=Instance.new("Weld",game.Players.LocalPlayer.Character["Right Arm"])a3.Part0=game.Players.LocalPlayer.Character["Right Arm"]a3.Part1=E.Parent.Head;a3.C0=CFrame.new(0.00057220459,-1.29444742,-0.873190403,-0.996955156,-0.0485438928,0.0610030033,-0.0641870201,0.0669786036,-0.995689929,0.0442487523,-0.996576011,-0.0698903799)G:Play()G.TimePosition=1;wait(1)for u=0,1,0.04 do b.C0=b.C0:lerp(CFrame.new(2.09488106,0.667919636,0.0639152527,0.0739268959,-0.95855093,0.275169909,-0.02475233,-0.277602971,-0.960379243,0.996955395,0.0641870052,-0.044248756),u)game:GetService("RunService").RenderStepped:wait()end;wait(1.4)for u=1,6 do wait(0.1)for u=0,1,0.15 do h.C0=h.C0:lerp(CFrame.new(0.589343071,-2.06024575,-0.139556885,0.997564077,-0.0693742931,0.0072911568,0.0697562397,0.992102206,-0.104268931,1.75914945e-08,0.104523741,0.994524658),u)j.C0=j.C0:lerp(CFrame.new(0,0,0),u)l.C0=l.C0:lerp(CFrame.new(0,1.4344244,0.102565765,1.00000012,-1.10566744e-26,3.04815854e-27,1.14353277e-26,0.970295191,-0.241921842,-2.61223027e-28,0.241921738,0.970297754),u)f.C0=f.C0:lerp(CFrame.new(-0.606146812,-2.0409379,0.23392868,0.994522691,0.104527831,4.48272353e-09,-0.10395515,0.989075184,0.104526937,0.0109259691,-0.103954434,0.994521797),u)d.C0=d.C0:lerp(CFrame.new(-1.50013542,-0.0218527317,0.298622131,1,2.38743288e-22,1.16448315e-22,-2.65628601e-22,0.898784995,0.438389838,6.26162773e-28,-0.438389868,0.898784935),u)b.C0=b.C0:lerp(CFrame.new(1.541605,1.54031897,-0.202716827,0.99939096,-0.0331876501,-0.0107830577,-0.0348742045,-0.960688651,-0.275429219,-0.00121831207,0.275637507,-0.961260855),u)game:GetService("RunService").RenderStepped:wait()end;for u=0,1,0.15 do j.C0=j.C0:lerp(CFrame.new(0,-1.90734863e-06,1.00069809,0.999390602,6.40860435e-07,-0.0349101759,-0.0242511462,0.71933949,-0.694235682,0.0251118187,0.694659173,0.718900979):inverse(),u)h.C0=h.C0:lerp(CFrame.new(0.5,-1.18236089,-0.21427536,1.00000012,1.51461294e-27,4.19042913e-27,-4.41762107e-27,0.499996245,0.866027534,-7.79938216e-28,-0.866027653,0.499996305),u)f.C0=f.C0:lerp(CFrame.new(-0.5,-1.18106127,-0.0497360229,1.00000012,1.98161859e-27,-5.80601626e-27,-9.08767763e-27,0.500005603,0.866032362,-3.82406602e-27,-0.866032481,0.500005662),u)l.C0=l.C0:lerp(CFrame.new(0,1.53122997,-0.198875427,1.00000012,-1.209166e-26,-3.76759968e-27,1.21169035e-26,0.927188694,0.374603868,-1.64222563e-27,-0.374603897,0.927188814),u)d.C0=d.C0:lerp(CFrame.new(-1.50013542,-0.0218527317,0.298622131,1,2.38743288e-22,1.16448315e-22,-2.65628601e-22,0.898784995,0.438389838,6.26162773e-28,-0.438389868,0.898784935),u)b.C0=b.C0:lerp(CFrame.new(1.4887104,0.0502290726,-0.938224792,0.999392748,0.0233488977,-0.025931986,-0.0348734297,0.642351151,-0.765616715,-0.00121889159,0.766055882,0.642774582),u)game:GetService("RunService").RenderStepped:wait()end;local I=w:Clone()I.Parent=game.Players.LocalPlayer.Character["Right Arm"]I:Play()end;local a4=A:Clone()a4.Parent=game.Players.LocalPlayer.Character["Right Arm"]a4:Play()for u,v in pairs(E.Parent:GetChildren())do if v.ClassName=="Hat"or v.ClassName=="Accessory"then v:destroy()end;if v.Name=="Head"then v.Transparency=1 end end;if E.Parent.Head:findFirstChild("face")then E.Parent.Head.face.Transparency=1 end;for u=1,math.random(10,15)do function sandbox(p,q)local r=getfenv(q)local s=setmetatable({},{__index=function(self,t)if t=="script"then return p else return r[t]end end})setfenv(q,s)return q end;cors={}mas=Instance.new("Model",game:GetService("Lighting"))local a5=Instance.new("Part")a5.Name="bl00d"a5.Parent=mas;a5.Material=Enum.Material.SmoothPlastic;a5.BrickColor=BrickColor.new("Maroon")a5.Size=Vector3.new(1.16000009,0.0500000007,1.12000048)a5.CFrame=CFrame.new(17.569994,1.14527643,34.9399986,1,0,0,0,1,0,0,0,1)a5.BottomSurface=Enum.SurfaceType.SmoothNoOutlines;a5.TopSurface=Enum.SurfaceType.SmoothNoOutlines;a5.Color=Color3.new(0.458824,0,0)a5.Position=Vector3.new(17.569994,1.14527643,34.9399986)a5.Color=Color3.new(0.458824,0,0)a5.CFrame=E.Parent.Head.CFrame*CFrame.new(math.random(-1,1),math.random(-1,1),math.random(-1,1))a5: